66
71
139
181
318
403
404
511
731
753
775
842
1100
1181
1277
1364
1397
1536
1584
1590
1729
1942
2068
2083
2311
2396
2510
2514
2787
2892
3278
3329
3391
3475
3655
3738
3771
3787
3852
4233
4250
4329
4429
4547
4694
4741
4755
4802
5087
5149
5171
5351
5373
5458
5538
5778
5816
5869
5957
6095
6166
6178
6320
6330
6591
6623
6663
6740
6778
6846
7089
7104
7115
7203
7354
7533
7594
7683
7699
7798
7898
8005
8028
8038
8079
8167
8207
8214
8239
8405
8484
8599
8829
8858
8911
9038
9266
9416
9481
9546
9618
9672
9915
9917
10000
